"chromosome"	"start.pos"	"end.pos"	"Bf"	"N.BAF"	"sd.BAF"	"depth.ratio"	"N.ratio"	"sd.ratio"	"CNt"	"A"	"B"	"LPP"
"chr1"	14667	9188378	0.274918987606786	186	0.0811075039770978	0.634609469302682	9354	0.17534222446842	1	1	0	-6.83246558096967
"chr1"	9211687	17431563	0.40999543417046	230	0.0710497249375956	0.921626686824021	9572	0.225657286916426	2	1	1	-6.86632794239385
"chr1"	17445682	27425864	0.34787915503582	301	0.0634784205709612	0.704414215562768	12285	0.182481076674462	1	1	0	-9.64627385280851
"chr1"	27425865	89445617	0.443771095196674	687	0.0536100997379326	0.923326043627987	43324	0.226806791778209	2	1	1	-6.83396568472022
"chr1"	89445618	121313547	0.25664238113208	406	0.0694409980535069	0.636419092430309	19599	0.169803113001597	1	1	0	-7.14201241839717
"chr1"	143912360	165877319	0.421188937767017	546	0.0688974573526989	0.935185502414803	27940	0.235293496837469	2	1	1	-6.93159412479648
"chr1"	166029773	167487849	0.248089573272603	26	0.0659935311515163	0.64686698330442	983	0.183452309682931	1	1	0	-6.81575854239392
"chr1"	167510255	183908047	0.451681231389205	303	0.0416105555347758	0.913724622647798	12414	0.213176854000548	2	1	1	-6.76212088386718
"chr1"	183908048	184943676	0.275858599355359	7	0.0848306436097127	0.66290353903898	726	0.178658484164879	1	1	0	-6.82750282585807
"chr1"	185056597	200575962	0.437391149983206	93	0.0617424486660063	0.888555273132344	4804	0.201290559299945	2	1	1	-6.8943401115532
"chr1"	200577973	215259877	0.444415487187956	353	0.0515546278396696	0.927160767380553	14912	0.224709616408407	2	1	1	-6.77834615890179
"chr1"	215297926	218615196	0.461584429408777	16	0.0456565073857678	0.858491100069757	1311	0.184098933935849	2	1	1	-7.04568975559466
"chr1"	218615197	236749282	0.448575660893117	300	0.041702061978326	0.909152099293794	13184	0.231936114322844	2	1	1	-6.74804029426644
"chr1"	236749545	246110704	0.450232758030282	64	0.0565100053474168	0.878708692614253	3871	0.199727144729158	2	1	1	-6.93712484304369
"chr1"	246110823	247492950	0.378190393762543	31	0.0702029622877731	1.17744181880265	1009	0.30131096195166	3	2	1	-6.73770948978323
"chr1"	247492951	249214134	0.376782804567125	36	0.0597226061264885	1.09171814245668	1479	0.23791514690712	3	2	1	-6.9042545038086
"chr2"	38828	3488612	0.449981052485993	38	0.0431020160060267	0.877726377484002	1183	0.218174725076128	2	1	1	-6.8153293362346
"chr2"	3488693	72406655	0.449082800604652	708	0.0451928231792526	0.917360705774665	35933	0.223882231087792	2	1	1	-6.76954423404649
"chr2"	72411214	75891301	0.442509324446432	70	0.0559439604253626	0.94425342391213	4161	0.235629145757899	2	1	1	-6.77696955139997
"chr2"	75891302	91960942	0.401300695404482	91	0.106622304190614	0.909145743112094	4636	0.225162959034644	2	1	1	-6.82403133717164
"chr2"	95537190	99454734	0.413052566777396	96	0.0769706255202753	0.91740915049084	4239	0.219363706165353	2	1	1	-6.82144373373809
"chr2"	99463189	172945079	0.443589294592648	570	0.056454258401905	0.910150412179232	30970	0.220757261082946	2	1	1	-6.7387770977577
"chr2"	172945169	173330286	0.470786657077876	5	0.0287193314685422	1.11647780577786	198	0.334182762344818	2	1	1	-7.34579185218733
"chr2"	173330287	243037218	0.452179059952778	958	0.0467858758142884	0.915568258164836	47373	0.222349659468921	2	1	1	-6.76833458133641
"chr3"	239351	30715729	0.377840003643057	257	0.050237484103957	1.17750287265979	13013	0.288650098881799	3	2	1	-6.84278241866333
"chr3"	30729865	30842340	0.412428870015406	2	0.148492424049175	1.6350944396288	160	0.402832601699687	5	3	2	-6.73641447113746
"chr3"	30842556	36944829	0.354509334224286	47	0.0546074630716968	1.1860480209005	2666	0.28317269526045	3	2	1	-6.85195337436615
"chr3"	36986257	39230640	0.452274337575778	81	0.0511355527308195	1.48305409745161	3286	0.345807522124416	4	2	2	-6.75546638726213
"chr3"	39230641	51624666	0.377227522785821	334	0.0507183424752534	1.18762630850993	17230	0.283164311667182	3	2	1	-6.75128171445587
"chr3"	51661625	56026160	0.447089844933182	57	0.0543408439232935	1.48046810209642	5223	0.346680859405144	4	2	2	-6.7396610365079
"chr3"	56026295	75716188	0.360778006568718	164	0.0656618473006373	1.18041496853342	7395	0.278799494701231	3	2	1	-6.83437330043988
"chr3"	75716284	75986866	0.356503749526781	148	0.0832343530578422	0.904170514321078	274	0.247449457528554	3	2	1	-6.9828409930404
"chr3"	76484037	90283666	0.370042530427384	29	0.0425245510079018	1.17568625753447	1578	0.283022324440811	3	2	1	-6.81299910961692
"chr3"	93591846	197770512	0.370996271236317	1136	0.0565216332859983	1.17381436789924	56131	0.283987629421251	3	2	1	-7.2148424776397
"chr4"	53174	7194865	0.267117248088903	233	0.0814388180100937	0.625662689662225	8018	0.176992811857038	1	1	0	-6.74315611131183
"chr4"	7312072	49064107	0.445449869135298	389	0.0508916831514517	0.905702931864493	14451	0.217185356444132	2	1	1	-6.76371438463666
"chr4"	52709220	55163038	0.343767892875892	29	0.0673368855653086	0.688060935477979	1230	0.16348542598607	1	1	0	-8.00166286977656
"chr4"	55163039	190981567	0.445169530586474	1028	0.0527369308442632	0.884921352165109	49255	0.21167306723831	2	1	1	-8.08251388970616
"chr5"	140412	1318123	0.411171227754199	58	0.0619485008487757	0.899336035055489	1933	0.21891299641614	2	1	1	-6.88639271441433
"chr5"	1318124	6312817	0.266901824508801	32	0.0420673303438436	0.619893557888894	1065	0.156617895777049	1	1	0	-6.73474753822383
"chr5"	6337162	45696191	0.447356558782463	207	0.0471228308127747	0.911783506527806	13047	0.223791847324563	2	1	1	-6.73944023868304
"chr5"	49692033	50690533	0.453804533182833	2	0.0480832611206852	0.839112941309106	391	0.213185762845378	2	1	1	-6.85666541692282
"chr5"	51307292	180688111	0.33302787457264	1301	0.0651784933909147	0.680162848034067	68013	0.171236218621188	1	1	0	-13.7328675640465
"chr6"	203389	45870176	0.372461269505603	1283	0.0632801893361455	1.21264875846006	39215	0.304882144956873	3	2	1	-6.75124364114649
"chr6"	45870177	58445634	0.371614921054987	169	0.0594783832861311	1.18077839867156	6692	0.266456828655466	3	2	1	-6.78108006620721
"chr6"	62390154	66094418	0.369659690549915	23	0.0499159372396616	1.15973215168777	826	0.282127597247196	3	2	1	-6.78895819099257
"chr6"	66112370	162622180	0.178513523276937	783	0.0559268976895291	0.903896562818595	40738	0.233774657616004	2	2	0	-6.82513544206868
"chr6"	162622181	164891992	0.409640605296873	8	0.0484751409045325	1.21194577841435	437	0.276727220866963	3	2	1	-6.98039062067231
"chr6"	165108541	170893472	0.194066548162747	92	0.0743241984735702	0.902917633302347	3185	0.242865014125186	2	2	0	-6.76083160764315
"chr7"	193148	11022349	0.140057196822715	177	0.0457447158898584	1.10084822925793	7404	0.321125975311514	3	3	0	-7.2071052626596
"chr7"	11022350	24329141	0.146638349614721	130	0.0484204952983485	1.05095255069161	5143	0.266154054592773	3	3	0	-8.34754442101658
"chr7"	24329142	35672483	0.146220138235772	119	0.0549783606483611	1.13039789533285	5861	0.305399035311569	3	3	0	-7.03200292789699
"chr7"	35672484	57533263	0.321417884506666	190	0.0583639766750193	1.35286715053681	9907	0.323127749370666	4	3	1	-7.8445297358112
"chr7"	62758725	70254890	0.301235774429758	34	0.0332308004155284	1.38149262512798	1705	0.347417856853601	4	3	1	-6.96886664734349
"chr7"	70254891	79764568	0.434724647837294	74	0.0507929295834398	0.889441833715519	4721	0.235097295237228	2	1	1	-6.81366011955273
"chr7"	79818187	95951202	0.274430732991332	137	0.0750668880207155	0.613754477718352	8127	0.153945490332437	1	1	0	-6.79060065076606
"chr7"	95951385	102090757	0.39299905356792	286	0.0876052130467293	0.932947347444256	8244	0.2478446944616	2	1	1	-6.94879426685426
"chr7"	102090758	102113553	0.24191554990823	2	0.015556349186104	0.614566223349423	207	0.136967638511231	1	1	0	-7.80513313369306
"chr7"	102113554	135662146	0.449044621185808	246	0.0491616175734927	0.905992581248678	16284	0.211493319241437	2	1	1	-6.76575268560894
"chr7"	136587865	137284678	0.330323564050312	8	0.0316834228850717	1.41030689495528	333	0.297620516759333	4	3	1	-7.11420046372575
"chr7"	137293694	137642641	0.242278011428358	3	0.0403608721412211	0.621425291751138	254	0.182217493230622	1	1	0	-6.91293385973231
"chr7"	137642642	138456048	0.454336148923903	12	0.0335246404179301	0.890698260029911	471	0.229387648654012	2	1	1	-6.81143865605948
"chr7"	138482631	138707227	0.280927544943687	3	0.149679657936541	0.592320260370158	358	0.169116966720613	1	1	0	-6.75017983655083
"chr7"	138710424	138984639	0.45315457245053	13	0.0290128176801839	0.892457448227133	550	0.172838074566546	2	1	1	-6.81456094728052
"chr7"	139025831	139529285	0.255237245448558	9	0.0974009468354617	0.627139830009069	556	0.162016390662233	1	1	0	-6.74003138108792
"chr7"	139571999	139786330	0.449387123508586	6	0.0657137732899276	0.929834477728568	243	0.249019085373901	2	1	1	-6.74022550949062
"chr7"	139786331	141631606	0.313105213094651	16	0.0387554297271148	1.42727089128853	1466	0.331108302906343	4	3	1	-6.78258480882851
"chr7"	141635589	141794380	0.328347629222994	3	0.134239835121075	0.681483771152886	320	0.20294355771385	1	1	0	-6.88521835585611
"chr7"	141794396	141957863	0.315256961124029	5	0.0772703047748616	1.39081925487415	358	0.273763456639251	4	3	1	-6.75087851951741
"chr7"	142000803	142251066	0.280518025057936	34	0.0906378122666126	0.663054139484579	277	0.194730808604618	1	1	0	-6.76864263502756
"chr7"	142326631	142511002	0.378450584509565	16	0.12415554760058	0.913032699159253	221	0.256794168231125	3	2	1	-6.85902628020486
"chr7"	142560829	143840031	0.280983268738357	31	0.0818701568377951	0.640813291874366	1620	0.194183878901261	1	1	0	-6.77781029490945
"chr7"	143883364	159025951	0.29617731042374	217	0.0540057865294572	1.46593726685038	9369	0.371234902571815	4	3	1	-6.77614473022966
"chr8"	182778	6302086	0.40602254006833	79	0.0559344303612517	1.07825214847519	1804	0.267613522336829	3	2	1	-7.45058671309166
"chr8"	6302087	43212050	0.385459226589145	448	0.060478975939088	1.15306499438948	21739	0.285678559838174	3	2	1	-7.21716897007288
"chr8"	47752736	110393714	0.38196013763016	412	0.0629636738586727	1.1335656597253	23366	0.26979654596006	3	2	1	-8.2049113044923
"chr8"	110394673	114627898	0.352857716564918	10	0.047066029268583	1.02599174786043	1146	0.253418196323612	3	2	1	-7.77365402027554
"chr8"	114627969	146280905	0.387871290554831	417	0.0571232372103133	1.14528962356222	15965	0.278028746194834	3	2	1	-7.31628849589368
"chr9"	14743	19597319	0.181741395835671	151	0.0512740410419172	0.89639862895248	7144	0.239106763712755	2	2	0	-6.79743533621635
"chr9"	19619527	28888903	0.423627653311249	58	0.0823254225413524	0.324128630036997	2440	0.0893618485366515	0	0	0	-6.88529256958438
"chr9"	30558629	44175697	0.184695187598088	139	0.0611596037653008	0.918207801364621	8112	0.229743228785216	2	2	0	-6.74275066563824
"chr9"	65602571	141071759	0.177801206511653	1138	0.0587489502835024	0.910455151205531	52378	0.245190023205411	2	2	0	-6.73733885204356
"chr10"	94832	38672229	0.448855978151079	370	0.05589167490088	0.896012001872395	16756	0.2153855679904	2	1	1	-6.90036255968495
"chr10"	42379884	44346036	0.457218937719365	37	0.0299365194235268	0.878194786006017	934	0.21533493087993	2	1	1	-6.91033279838154
"chr10"	44793181	62060250	0.322581431675842	163	0.0962886417876072	0.605326751136783	6135	0.157592094314466	1	1	0	-7.18574232885612
"chr10"	62149188	89474636	0.265284410151809	266	0.0680474716007962	0.627889643247686	14101	0.163256602564406	1	1	0	-6.81949491791393
"chr10"	89474637	90034499	0.429	1	NA	0.332823296150389	436	0.101775365557053	0	0	0	-5.77003396295513
"chr10"	90034500	135473116	0.335564828336416	679	0.062092904806541	0.701310874760767	31952	0.179788043277666	1	1	0	-12.3852358547666
"chr11"	193025	4114289	0.241621706425612	304	0.0986181579650717	0.930020388063272	6915	0.282333519573896	2	2	0	-6.96927145246458
"chr11"	4114290	6231731	0.174407151211584	128	0.0517477390239853	0.884259453307702	2536	0.234482911425536	2	2	0	-6.76267018639677
"chr11"	6231838	18885080	0.174641420728783	260	0.0595465809882927	0.929047216806639	12003	0.241428116894656	2	2	0	-6.78014694254765
"chr11"	18955315	18956484	NA	0	NA	0.268559343230176	21	0.0652236810631581	0	NA	NA	-5.7710880267042
"chr11"	18978528	51527614	0.23211638802879	401	0.0879822630050584	0.93697179820098	14193	0.248757924309196	2	2	0	-7.1512381909222
"chr11"	55035776	56468368	0.229269071386837	55	0.0854176233008761	0.848534211637012	1039	0.182020448030278	2	2	0	-7.05982608747146
"chr11"	56468403	62546446	0.186721258252297	175	0.0556601303891981	0.944616162151225	8984	0.247938414756659	2	2	0	-6.81228733982576
"chr11"	62549310	62933773	0.242790879169647	15	0.0711003315242422	0.639859552674953	814	0.176301799684915	1	1	0	-6.79657691735706
"chr11"	62948087	74660719	0.162860276218059	325	0.0432278044425469	0.941620679010301	18826	0.253024987374893	2	2	0	-6.93312994759754
"chr11"	74674696	85630992	0.245884496414431	110	0.0566458387044931	0.635311775130675	5846	0.162080081701511	1	1	0	-6.93585215361203
"chr11"	85668696	86219969	0.102235283836777	5	0.0154854770672395	1.39115448831603	480	0.340840603472459	4	4	0	-6.88693860030516
"chr11"	86267606	86666403	0.135	1	NA	0.962396004469323	264	0.27077566818545	2	2	0	-5.7736802446595
"chr11"	86748831	134856681	0.263053436806023	664	0.0672924406089056	0.630278897189089	30618	0.160880140005739	1	1	0	-6.997594070031
"chr12"	176075	10875990	0.447901499542246	320	0.0515093539873826	0.912488611535583	12607	0.223453693566457	2	1	1	-6.73945622444008
"chr12"	10954006	34182671	0.401679808199966	291	0.0575324019330729	1.07760957271017	11927	0.256499875599415	3	2	1	-8.71709455485197
"chr12"	38710341	49254999	0.377351765529403	127	0.0795980944678931	1.0924139551209	6988	0.274503394171662	3	2	1	-7.44174931111387
"chr12"	49255700	66644427	0.437087311476215	319	0.0622707018330152	0.928505898295917	23198	0.226525996155147	2	1	1	-6.79922492250622
"chr12"	66644428	133812704	0.44826225243542	812	0.051137381254367	0.901858527118461	44758	0.221476031807495	2	1	1	-6.84958615491618
"chr13"	19271620	45150166	0.437129323212072	298	0.0578315946960133	0.906902362388161	13093	0.213474284771262	2	1	1	-6.7507908436182
"chr13"	45150234	45969813	0.403314313436912	10	0.0721769430712545	0.946306858327059	374	0.258929063167016	2	1	1	-6.91519095145523
"chr13"	45969814	115092817	0.4510280853516	357	0.0472781419348546	0.904225613432266	17732	0.217778537830305	2	1	1	-6.82232993003411
"chr14"	19434116	102384348	0.448768590506359	967	0.0497912767347311	0.914093180285797	53051	0.222858819210922	2	1	1	-6.74572673865019
"chr14"	102387661	102749916	0.442	1	NA	0.906924952250039	820	0.229800286879642	2	2	0	-5.76455970856972
"chr14"	102771259	105144020	0.374891932300155	48	0.0552910897878589	1.18044779385788	2770	0.283833230946942	3	2	1	-6.74192672795209
"chr14"	105144105	105609335	0.330789126125132	82	0.0507591688755071	1.44134700137585	1339	0.375085214438358	4	3	1	-6.88850542332383
"chr14"	105609490	107283157	0.351683404830249	55	0.073424864823919	1.16745008226464	1732	0.313735498200359	3	2	1	-6.81849602215406
"chr15"	20169987	37168723	0.428718083512265	163	0.0617651761433478	0.892111308613989	6916	0.211428695088209	2	1	1	-6.87635878114075
"chr15"	37173099	92690394	0.441308368918431	917	0.0597499828421234	0.925927505114046	49381	0.225823257972431	2	1	1	-6.87136933499718
"chr15"	92694080	93844843	0.46203103535917	28	0.0342138466353507	0.962422661560675	812	0.243839011519072	2	1	1	-6.95405603496798
"chr15"	93844914	102516544	0.444568780358164	138	0.0521139232500207	0.951253729379763	3308	0.249836784407075	2	1	1	-6.87542058753159
"chr16"	81704	34682380	0.414131603446364	682	0.0655043212624637	0.948076068179795	32464	0.2407956449453	2	1	1	-7.32910135917982
"chr16"	46508169	90161242	0.428093613573822	707	0.0535486993198642	0.939604198474714	30350	0.232569769703418	2	1	1	-7.16763674045581
"chr17"	6004	3424297	0.369494420767807	126	0.0634690335693102	1.18137601019172	3865	0.314728778966578	3	2	1	-6.75124931113107
"chr17"	3424302	9281990	0.176183707861646	211	0.0536605154095159	0.900180692988417	11634	0.24070876880121	2	2	0	-6.74710686826513
"chr17"	9395080	10451304	0.396947693171225	33	0.0529256196196248	1.19140952279954	1465	0.279283981562113	3	2	1	-6.810631213011
"chr17"	10531806	22066858	0.275986950125681	320	0.110329190916722	0.882266181778045	9085	0.235289490373544	2	2	0	-7.29368092937575
"chr17"	25620838	62589751	0.367779332806433	624	0.0623463368449974	1.1643139395656	40287	0.297163564684075	3	2	1	-7.0233907277178
"chr17"	62602637	81083625	0.379708885293405	457	0.0572599615261884	1.18745057806315	17672	0.297741855696017	3	2	1	-6.75858325573152
"chr18"	116845	15006193	0.17724732512345	168	0.0611354143399118	0.911918202817578	6425	0.241160964202807	2	2	0	-6.73430214167001
"chr18"	18529727	18963605	0.433581002425451	3	0.0873231546231201	0.634110137182616	200	0.172487660253418	2	1	1	-7.7189824234734
"chr18"	18964156	29511470	0.17974361811549	46	0.049013263511013	0.892705136956644	4097	0.229331469956585	2	2	0	-6.78985788564234
"chr18"	29522509	78005280	0.2474793377857	293	0.0638079404962472	0.65168216844703	15661	0.166634212212034	1	1	0	-8.6106004367573
"chr19"	107416	24345121	0.445365997028543	841	0.0529113849162623	0.903006342002441	35149	0.236878977253015	2	1	1	-6.7623877116023
"chr19"	28247625	59083996	0.442589218032325	1038	0.0529972218669076	0.911258905213884	43793	0.228563457016611	2	1	1	-6.73359295537686
"chr20"	68260	1902394	0.353547956587364	64	0.0651020871096445	1.16439809098372	1973	0.288183234309893	3	2	1	-6.83095790380014
"chr20"	1903018	9625053	0.452126290271177	151	0.0382368648903724	1.44290474102912	5904	0.344184368430889	4	2	2	-6.82158518881205
"chr20"	10018873	21377711	0.353755480241584	80	0.0521468092522435	1.16909136617805	4153	0.288704916248088	3	2	1	-6.93052497850396
"chr20"	21377952	23966799	0.461560926140796	23	0.0350874683438775	1.4537001396182	897	0.33902286674078	4	2	2	-6.91515235055017
"chr20"	23966800	26189020	0.364999658317177	65	0.0731925805403379	1.15889063599319	1198	0.290041218050893	3	2	1	-6.77504167890287
"chr20"	29625845	33600942	0.374715774048956	90	0.054728662206529	1.21406807920245	5013	0.303468961508951	3	2	1	-6.73673445592951
"chr20"	33603816	34130025	0.44	1	NA	1.52536445521108	834	0.336859456314782	4	4	0	-5.76543610644875
"chr20"	34130026	37668194	0.400883064755494	79	0.0456220840571354	1.21975990114058	4529	0.291559208726555	3	2	1	-6.88545997672257
"chr20"	37668272	40701792	0.443704314685155	28	0.0424430368336359	1.51601047400005	1137	0.348738691901941	4	2	2	-6.73600846374334
"chr20"	40701793	51589484	0.393437940949019	138	0.0493091557243927	1.23234310662422	9065	0.314181028964861	3	2	1	-6.82661602348296
"chr20"	51589595	54573114	0.454721899757865	18	0.0389735958883779	1.53199934951348	567	0.350718955129055	4	2	2	-6.79887462660189
"chr20"	54573117	60318788	0.405807247480236	79	0.052549804817602	1.27408408939305	3632	0.30168783677796	3	2	1	-7.01510302267361
"chr20"	60318789	62959313	0.457606012379927	121	0.0416019458778847	1.54979926944949	5365	0.394311671170015	4	2	2	-6.8229439823933
"chr21"	9825764	11098768	0.366798635582198	38	0.0806892428506213	0.765112741705451	189	0.2244943804147	2	1	1	-7.65674854891373
"chr21"	14745307	43339171	0.368960272500549	285	0.0632300909635727	1.15572494739658	11904	0.286451639460595	3	2	1	-7.08102759805674
"chr21"	43342046	48085000	0.448114447914187	243	0.0494723056839971	1.43565206609825	6697	0.350838283287584	4	2	2	-6.77994713470581
"chr22"	16157837	51220846	0.372022244424958	957	0.0590866394978798	1.18711502533012	37489	0.30467032315531	3	2	1	-6.785860684156
"chrX"	2699993	2931090	0.0892962836816769	20	0.0300551685720566	1.37248331653317	356	0.33719865737973	5	5	0	-6.82158763922361
"chrX"	2931189	18970510	NA	0	NA	1.48117975283106	5979	0.376118835641684	4	NA	NA	-5.77146579471706
"chrX"	18970609	19425330	NA	0	NA	1.4547956673108	330	0.433016381347879	4	NA	NA	-5.76556406696843
"chrX"	19425331	54581038	0.320457064237317	6	0.0643790856308683	1.44053554644875	15347	0.384294170313078	4	3	1	-6.96768028109026
"chrX"	54581039	57937169	0.339363967854444	4	0.0992908186423431	1.4110024788466	1373	0.392464913844796	4	3	1	-6.84940675160055
"chrX"	61999880	79939632	0	1	NA	1.44194770289252	8156	0.379566419891826	4	4	0	-5.86516971417292
"chrX"	79940934	96724854	NA	0	NA	1.30302131227677	1998	0.337955786040683	3	NA	NA	-6.26636862616362
"chrX"	96724894	152827660	0.289605458948398	9	0.118063542213505	1.44883813913778	21051	0.384321734432098	4	3	1	-6.97138662227143
"chrX"	152827661	154774986	NA	0	NA	1.52630362023684	4043	0.416199839157389	4	NA	NA	-5.76705859678519
"chrY"	2654814	2850496	NA	0	NA	0.290903458368152	173	0.0836210594500343	0	NA	NA	-6.00236535873847
"chrY"	3447154	9384278	NA	0	NA	0.298073811154946	403	0.0717845532520874	0	NA	NA	-9.2278956692622
"chrY"	13309514	28494714	0.358021568758176	7	0.0753761993507992	0.31064290708626	1380	0.103806345834683	0	0	0	-9.29589697963939
