"chromosome"	"position"	"GC.percent"	"good.reads"	"adjusted.ratio"	"F"	"mutation"	"CNn"	"CNt"	"Mt"	"LPP"
"chr1"	14677	50	40	0.634609469302682	0.3103	"G>A"	2	1	1	-15.748561109265
"chr1"	1650920	50	526	0.634609469302682	0.3308	"G>A"	2	1	1	-14.4927564350706
"chr1"	1666251	50	192	0.634609469302682	0.3287	"G>A"	2	1	1	-14.4927564350706
"chr1"	9325676	50	182	0.921626686824021	0.4241	"C>T"	2	2	1	-12.6833075899413
"chr1"	16977274	50	588	0.921626686824021	0.305	"C>T"	2	2	1	-10.507153058743
"chr1"	17082426	50	2624	0.921626686824021	0.2034	"G>T"	2	2	1	-13.8808958668193
"chr1"	17084948	50	544	0.921626686824021	0.2823	"A>C"	2	2	1	-10.770462238399
"chr1"	17267496	50	158	0.921626686824021	0.4191	"C>T"	2	2	1	-12.6833075899413
"chr1"	21752766	50	186	0.704414215562768	0.2734	"A>G"	2	1	1	-18.9729371526841
"chr1"	21752782	50	174	0.704414215562768	0.3095	"T>G"	2	1	1	-15.9004535423635
"chr1"	21808159	50	266	0.704414215562768	0.3383	"G>A"	2	1	1	-14.0840998090507
"chr1"	43897468	50	216	0.923326043627987	0.3647	"G>A"	2	2	1	-10.8203979831785
"chr1"	65305323	50	798	0.923326043627987	0.3179	"C>G"	2	2	1	-10.431818024134
"chr1"	110091271	50	56	0.636419092430309	0.6782	"C>T"	2	1	1	-19.3381628267537
"chr1"	111957570	50	64	0.636419092430309	0.5844	"G>C"	2	1	1	-12.8741040122333
"chr1"	116233891	50	298	0.636419092430309	0.4313	"G>A"	2	1	1	-10.8081155825347
"chr1"	120538740	50	366	0.636419092430309	0.337	"C>T"	2	1	1	-13.9322073759522
"chr1"	120612154	50	220	0.636419092430309	0.321	"C>G"	2	1	1	-15.0979735431239
"chr1"	120612163	50	220	0.636419092430309	0.3168	"C>A"	2	1	1	-15.0979735431239
"chr1"	149290779	50	130	0.935185502414803	0.2073	"T>G"	2	2	1	-13.2971634722452
"chr1"	153302887	50	134	0.935185502414803	0.4597	"G>A"	2	2	1	-14.7429092809694
"chr1"	165171712	50	82	0.935185502414803	0.4938	"G>A"	2	2	2	-15.1780891754118
"chr1"	173952836	50	54	0.913724622647798	0.5645	"A>G"	2	2	2	-11.8452719187644
"chr1"	183114634	50	78	0.913724622647798	0.4429	"G>A"	2	2	1	-13.6327466659249
"chr1"	207652469	50	116	0.927160767380553	0.275	"C>T"	2	2	1	-10.770462238399
"chr1"	231125996	50	412	0.909152099293794	0.2897	"G>A"	2	2	1	-10.6148637517458
"chr1"	237935259	50	168	0.878708692614253	0.2364	"A>T"	2	2	1	-11.9005309921178
"chr2"	38295456	50	122	0.917360705774665	0.4078	"T>A"	2	2	1	-12.2694036131872
"chr2"	65299300	50	426	0.917360705774665	0.2082	"G>C"	2	2	1	-13.2971634722452
"chr2"	70524351	50	1304	0.917360705774665	0.2182	"A>T"	2	2	1	-12.7725298755129
"chr2"	70524396	50	1424	0.917360705774665	0.2311	"C>T"	2	2	1	-12.3050870671288
"chr2"	70524416	50	1302	0.917360705774665	0.2296	"T>G"	2	2	1	-12.3050870671288
"chr2"	70524444	50	1078	0.917360705774665	0.2038	"C>G"	2	2	1	-13.8808958668193
"chr2"	85570186	50	1600	0.909145743112094	0.2048	"G>A"	2	2	1	-13.8808958668193
"chr2"	85771669	50	926	0.909145743112094	0.2017	"C>G"	2	2	1	-13.8808958668193
"chr2"	171910313	50	70	0.910150412179232	0.593	"C>T"	2	2	2	-11.0171518384452
"chr2"	179296169	50	178	0.915568258164836	0.3308	"A>G"	2	2	1	-10.4625896828008
"chr2"	207485676	50	256	0.915568258164836	0.2515	"G>A"	2	2	1	-11.5350215649577
"chr2"	216203672	50	114	0.915568258164836	0.5043	"T>C"	2	2	2	-14.5829224032121
"chr2"	217342000	50	48	0.915568258164836	0.5	"T>C"	2	2	2	-14.5829224032121
"chr2"	230663661	50	534	0.915568258164836	0.3047	"C>A"	2	2	1	-10.507153058743
"chr2"	241835379	50	46	0.915568258164836	0.5893	"G>A"	2	2	2	-11.0171518384452
"chr3"	11067289	50	646	1.17750287265979	0.2273	"C>A"	2	3	1	-10.3763177681575
"chr3"	32576183	50	106	1.1860480209005	0.5891	"C>G"	2	3	2	-12.7088541264768
"chr3"	46414214	50	108	1.18762630850993	0.3494	"T>C"	2	3	1	-13.3566749830142
"chr3"	49894030	50	46	1.18762630850993	0.4773	"T>C"	2	3	2	-10.5087025948979
"chr3"	50645286	50	536	1.18762630850993	0.2472	"C>T"	2	3	1	-10.3775772276104
"chr3"	57305170	50	114	1.18041496853342	0.3523	"C>T"	2	3	1	-13.3566749830142
"chr3"	57885729	50	246	1.18041496853342	0.4029	"G>A"	2	3	2	-11.9377588074824
"chr3"	58727944	50	116	1.18041496853342	0.6	"C>A"	2	3	2	-13.1502512438111
"chr3"	75715753	50	304	1.18041496853342	0.3333	"G>C"	2	3	1	-12.3904451919493
"chr3"	75781186	50	678	0.904170514321078	0.2116	"G>A"	2	2	1	-13.3045871863636
"chr3"	75785358	50	598	0.904170514321078	0.2599	"C>T"	2	2	1	-11.2368255059376
"chr3"	75786942	50	740	0.904170514321078	0.2194	"C>A"	2	2	1	-12.7799535896313
"chr3"	75787732	50	1288	0.904170514321078	0.2852	"A>C"	2	2	1	-10.6222874658642
"chr3"	75788432	50	696	0.904170514321078	0.2144	"T>A"	2	2	1	-13.3045871863636
"chr3"	75790479	50	940	0.904170514321078	0.2598	"C>T"	2	2	1	-11.2368255059376
"chr3"	129253619	50	532	1.17381436789924	0.257	"C>A"	2	3	1	-10.4576199352839
"chr3"	150804274	50	80	1.17381436789924	0.2593	"T>G"	2	3	1	-10.4576199352839
"chr3"	171510238	50	76	1.17381436789924	0.6607	"C>T"	2	3	3	-11.5411758063827
"chr3"	185212593	50	168	1.17381436789924	0.5145	"T>C"	2	3	2	-10.6311530398764
"chr3"	195412695	50	462	1.17381436789924	0.3419	"G>C"	2	3	1	-12.8515473803629
"chr3"	195412710	50	482	1.17381436789924	0.3173	"A>G"	2	3	1	-11.9740110524706
"chr3"	196314604	50	90	1.17381436789924	0.6281	"A>C"	2	3	3	-12.7105233827259
"chr4"	338078	50	122	0.625662689662225	0.2078	"A>T"	2	1	1	-24.9454384947326
"chr4"	3521775	50	58	0.625662689662225	0.4821	"G>A"	2	1	1	-10.4891038592713
"chr4"	7941346	50	48	0.905702931864493	0.4894	"G>C"	2	2	2	-15.1780891754118
"chr4"	8230148	50	248	0.905702931864493	0.2874	"C>T"	2	2	1	-10.6148637517458
"chr4"	37953902	50	188	0.905702931864493	0.4629	"T>C"	2	2	1	-14.7429092809694
"chr4"	71067317	50	106	0.884921352165109	0.5431	"C>A"	2	2	2	-12.6060429329817
"chr4"	71275490	50	1020	0.884921352165109	0.2917	"G>A"	2	2	1	-10.6222874658642
"chr4"	103810417	50	742	0.884921352165109	0.2459	"G>A"	2	2	1	-11.5424452790761
"chr4"	114900528	50	674	0.884921352165109	0.2376	"G>A"	2	2	1	-11.9005309921178
"chr4"	122258112	50	196	0.884921352165109	0.2847	"G>A"	2	2	1	-10.7778859525174
"chr4"	128544696	50	130	0.884921352165109	0.3434	"A>G"	2	2	1	-10.5454531045207
"chr4"	185655171	50	174	0.884921352165109	0.3459	"C>T"	2	2	1	-10.6649182263601
"chr4"	185655190	50	158	0.884921352165109	0.3417	"C>G"	2	2	1	-10.5454531045207
"chr5"	35954191	50	136	0.911783506527806	0.456	"G>A"	2	2	1	-14.7429092809694
"chr5"	65892448	50	80	0.680162848034067	0.633	"C>G"	2	1	1	-15.6301104865738
"chr5"	102886246	50	86	0.680162848034067	0.5567	"G>C"	2	1	1	-12.1357686714298
"chr5"	131796809	50	62	0.680162848034067	0.5507	"A>C"	2	1	1	-11.7992964348086
"chr6"	27418847	50	112	1.21264875846006	0.6316	"T>G"	2	3	3	-12.7032506233968
"chr6"	29364325	50	90	1.21264875846006	0.5833	"A>G"	2	3	2	-12.301088919709
"chr6"	29641421	50	626	1.21264875846006	0.2015	"G>T"	2	3	1	-10.7878663660829
"chr6"	31239049	50	512	1.21264875846006	0.3043	"G>T"	2	3	1	-11.2707483661265
"chr6"	31239050	50	508	1.21264875846006	0.3098	"G>A"	2	3	1	-11.5956746117507
"chr6"	31324586	50	208	1.21264875846006	0.3953	"C>T"	2	3	2	-11.9304860481533
"chr6"	32017105	50	58	1.21264875846006	0.4423	"A>G"	2	3	2	-10.8942396855097
"chr6"	32083300	50	114	1.21264875846006	0.4062	"A>G"	2	3	2	-11.6103381744519
"chr6"	32546914	50	418	1.21264875846006	0.3724	"C>T"	2	3	2	-13.139727898344
"chr6"	32609264	50	456	1.21264875846006	0.3133	"G>C"	2	3	1	-11.5956746117507
"chr6"	32610478	50	332	1.21264875846006	0.2996	"C>G"	2	3	1	-11.2707483661265
"chr6"	32610487	50	378	1.21264875846006	0.2974	"C>G"	2	3	1	-11.2707483661265
"chr6"	32610495	50	416	1.21264875846006	0.2753	"A>G"	2	3	1	-10.7627325841585
"chr6"	32627352	50	104	1.21264875846006	0.4222	"A>G"	2	3	2	-11.331094970646
"chr6"	32627379	50	134	1.21264875846006	0.3964	"T>C"	2	3	2	-11.9304860481533
"chr6"	32627434	50	256	1.21264875846006	0.3298	"A>C"	2	3	1	-12.3831724326202
"chr6"	32627441	50	252	1.21264875846006	0.3472	"A>C"	2	3	1	-13.3494022236851
"chr6"	32627450	50	242	1.21264875846006	0.3564	"G>A"	2	3	2	-13.627068447243
"chr6"	32627485	50	296	1.21264875846006	0.3333	"T>C"	2	3	1	-12.3831724326202
"chr6"	32627489	50	280	1.21264875846006	0.3427	"A>G"	2	3	1	-12.8442746210338
"chr6"	32627517	50	304	1.21264875846006	0.3244	"T>G"	2	3	1	-11.9667382931415
"chr6"	32627561	50	244	1.21264875846006	0.3744	"T>C"	2	3	2	-13.139727898344
"chr6"	32627635	50	116	1.21264875846006	0.5043	"T>G"	2	3	2	-10.5434530314347
"chr6"	32629257	50	234	1.21264875846006	0.3641	"T>A"	2	3	2	-13.627068447243
"chr6"	32629314	50	194	1.21264875846006	0.3701	"G>A"	2	3	2	-13.139727898344
"chr6"	32629320	50	184	1.21264875846006	0.3381	"A>G"	2	3	1	-12.8442746210338
"chr6"	32632745	50	492	1.21264875846006	0.259	"G>A"	2	3	1	-10.4503471759548
"chr6"	32632753	50	468	1.21264875846006	0.271	"C>T"	2	3	1	-10.5815532319433
"chr6"	33152864	50	236	1.21264875846006	0.2387	"C>T"	2	3	1	-10.342727700511
"chr6"	88854152	50	1008	0.903896562818595	0.3198	"C>A"	2	2	1	-10.4392417382524
"chr6"	109818589	50	54	0.903896562818595	0.3571	"A>T"	2	2	1	-10.827821697297
"chr6"	137246396	50	40	0.903896562818595	0.759	"T>C"	2	2	2	-13.6812093944137
"chr7"	1024002	50	82	1.10084822925793	0.3788	"T>C"	2	3	2	-12.8360784614708
"chr7"	4267072	50	44	1.10084822925793	0.4211	"T>A"	2	3	2	-11.4723694786216
"chr7"	5920406	50	110	1.10084822925793	0.3038	"T>A"	2	3	1	-11.412022874102
"chr7"	5965258	50	760	1.10084822925793	0.3103	"T>C"	2	3	1	-11.7369491197262
"chr7"	30201413	50	40	1.13039789533285	0.8561	"C>T"	2	3	3	-15.2708196423582
"chr7"	38279663	50	170	1.35286715053681	0.2273	"T>C"	2	3	1	-10.4746667475646
"chr7"	39892453	50	866	1.35286715053681	0.3508	"G>A"	2	3	1	-13.4550239624214
"chr7"	74582438	50	64	0.889441833715519	0.6404	"G>A"	2	2	2	-10.467608209919
"chr7"	75916330	50	198	0.889441833715519	0.2774	"G>T"	2	2	1	-10.7778859525174
"chr7"	100550358	50	786	0.932947347444256	0.3007	"C>T"	2	2	1	-10.507153058743
"chr7"	100550364	50	996	0.932947347444256	0.2886	"C>T"	2	2	1	-10.6148637517458
"chr7"	100550837	50	4498	0.932947347444256	0.266	"C>T"	2	2	1	-10.9749453669958
"chr7"	100551065	50	1028	0.932947347444256	0.2791	"T>C"	2	2	1	-10.770462238399
"chr7"	104785779	50	80	0.905992581248678	0.3846	"T>G"	2	2	1	-11.2744278505507
"chr7"	112098271	50	46	0.905992581248678	0.54	"T>C"	2	2	2	-12.5986192188633
"chr7"	129015511	50	156	0.905992581248678	0.35	"G>A"	2	2	1	-10.6574945122417
"chr7"	140453136	50	140	1.42727089128853	0.5882	"A>T"	2	4	3	-10.489960035357
"chr7"	142470612	50	2292	0.913032699159253	0.2319	"A>G"	2	2	1	-12.3050870671288
"chr7"	142470614	50	2326	0.913032699159253	0.2308	"C>T"	2	2	1	-12.3050870671288
"chr8"	6358987	50	148	1.15306499438948	0.5163	"G>C"	2	3	2	-10.7512010821636
"chr8"	6359024	50	108	1.15306499438948	0.4906	"G>A"	2	3	2	-10.5099037962435
"chr8"	7213977	50	874	1.15306499438948	0.2894	"C>T"	2	3	1	-11.0000693376464
"chr8"	48114124	50	796	1.1335656597253	0.2072	"T>C"	2	3	1	-10.6441973148681
"chr8"	76468282	50	44	1.1335656597253	0.5111	"G>A"	2	3	2	-10.6782811430946
"chr8"	98787994	50	122	1.1335656597253	0.5	"A>G"	2	3	2	-10.597853893982
"chr8"	113364696	50	114	1.02599174786043	0.3804	"A>G"	2	2	1	-11.4900059956574
"chr8"	143809193	50	42	1.14528962356222	0.5962	"C>T"	2	3	2	-13.1973793470293
"chr8"	143994321	50	58	1.14528962356222	0.5915	"T>C"	2	3	2	-12.7559822296951
"chr8"	144990528	50	108	1.14528962356222	0.5714	"A>G"	2	3	2	-11.995622265587
"chr9"	33797987	50	2148	0.918207801364621	0.2603	"G>T"	2	2	1	-11.2294017918192
"chr9"	33797999	50	2028	0.918207801364621	0.2533	"A>G"	2	2	1	-11.5350215649577
"chr9"	37492440	50	44	0.918207801364621	0.8087	"C>T"	2	2	2	-17.1985576352213
"chr9"	38603131	50	126	0.918207801364621	0.6316	"G>A"	2	2	2	-10.4875834699887
"chr9"	68409533	50	78	0.910455151205531	0.22	"G>T"	2	2	1	-12.7725298755129
"chr9"	68409572	50	110	0.910455151205531	0.2254	"G>A"	2	2	1	-12.3050870671288
"chr9"	68409592	50	118	0.910455151205531	0.2237	"G>T"	2	2	1	-12.7725298755129
"chr9"	115805478	50	64	0.910455151205531	0.5493	"A>T"	2	2	2	-12.2019468627031
"chr9"	126128253	50	82	0.910455151205531	0.6694	"G>C"	2	2	2	-10.6375991678412
"chr9"	137742545	50	154	0.910455151205531	0.446	"C>T"	2	2	1	-14.1678292673364
"chr9"	139566509	50	62	0.910455151205531	0.7961	"G>C"	2	2	2	-16.3752048990064
"chr9"	139957982	50	136	0.910455151205531	0.4603	"C>A"	2	2	1	-14.7429092809694
"chr9"	139957986	50	128	0.910455151205531	0.5328	"G>A"	2	2	2	-13.0351469189126
"chr10"	11375091	50	320	0.896012001872395	0.2593	"C>G"	2	2	1	-11.2368255059376
"chr10"	15138264	50	48	0.896012001872395	0.5862	"T>A"	2	2	2	-11.0245755525636
"chr10"	16737166	50	64	0.896012001872395	0.3469	"G>A"	2	2	1	-10.6649182263601
"chr10"	26505822	50	248	0.896012001872395	0.5118	"G>A"	2	2	2	-14.0347845997231
"chr10"	36813180	50	164	0.896012001872395	0.4306	"T>A"	2	2	1	-13.1452602115832
"chr10"	42928764	50	374	0.878194786006017	0.2076	"A>G"	2	2	1	-13.3045871863636
"chr10"	47087078	50	1658	0.605326751136783	0.2638	"G>T"	2	1	1	-19.6977329807067
"chr10"	105006371	50	284	0.701310874760767	0.3238	"C>A"	2	1	1	-15.2498659762223
"chr10"	125449015	50	62	0.701310874760767	0.6477	"G>A"	2	1	1	-17.1010672338615
"chr10"	126683071	50	504	0.701310874760767	0.2566	"G>C"	2	1	1	-19.8633823442275
"chr10"	126683087	50	460	0.701310874760767	0.3235	"T>C"	2	1	1	-15.2498659762223
"chr10"	135473026	50	362	0.701310874760767	0.2902	"T>C"	2	1	1	-17.3408780039941
"chr11"	1017183	50	1388	0.930020388063272	0.2202	"G>T"	2	2	1	-12.7725298755129
"chr11"	1017325	50	1524	0.930020388063272	0.2013	"A>C"	2	2	1	-13.8808958668193
"chr11"	1651622	50	124	0.930020388063272	0.4876	"C>T"	2	2	2	-15.1780891754118
"chr11"	5424504	50	206	0.884259453307702	0.2426	"T>C"	2	2	1	-11.9005309921178
"chr11"	5424507	50	204	0.884259453307702	0.2093	"A>G"	2	2	1	-13.3045871863636
"chr11"	9004002	50	194	0.929047216806639	0.2538	"C>T"	2	2	1	-11.5350215649577
"chr11"	15262002	50	298	0.929047216806639	0.3288	"G>A"	2	2	1	-10.4625896828008
"chr11"	36253537	50	114	0.93697179820098	0.2785	"T>A"	2	2	1	-10.770462238399
"chr11"	45274233	50	192	0.93697179820098	0.5407	"G>C"	2	2	2	-12.5986192188633
"chr11"	61731366	50	44	0.944616162151225	0.3529	"G>A"	2	2	1	-10.6897382802967
"chr11"	61731367	50	44	0.944616162151225	0.3714	"G>T"	2	2	1	-11.0584483828945
"chr11"	64900552	50	398	0.941620679010301	0.3389	"G>A"	2	2	1	-10.5380293904023
"chr11"	65365318	50	44	0.941620679010301	0.8167	"T>C"	2	2	2	-18.0854737584155
"chr11"	67798363	50	64	0.941620679010301	0.5616	"T>C"	2	2	2	-11.8452719187644
"chr11"	71290740	50	66	0.941620679010301	0.6857	"A>C"	2	2	2	-10.9782416235413
"chr11"	71290816	50	132	0.941620679010301	0.2326	"G>A"	2	2	1	-12.3050870671288
"chr11"	73499116	50	132	0.941620679010301	0.4261	"C>A"	2	2	1	-13.1378364974648
"chr11"	73499123	50	132	0.941620679010301	0.3889	"G>A"	2	2	1	-11.5646269140116
"chr11"	82924712	50	86	0.635311775130675	0.57	"G>T"	2	1	1	-12.4570780817241
"chr11"	89531764	50	68	0.630278897189089	0.3818	"T>C"	2	1	1	-12.1246507692206
"chr11"	111755435	50	42	0.630278897189089	0.7407	"C>T"	2	1	1	-25.3650756226355
"chr11"	118867695	50	60	0.630278897189089	0.6629	"C>T"	2	1	1	-17.7012645169565
"chr11"	124253181	50	824	0.630278897189089	0.2356	"T>C"	2	1	1	-21.6471729307493
"chr12"	311949	50	124	0.912488611535583	0.3542	"A>G"	2	2	1	-10.6574945122417
"chr12"	352888	50	258	0.912488611535583	0.3645	"C>A"	2	2	1	-10.8203979831785
"chr12"	5603961	50	290	0.912488611535583	0.2857	"G>A"	2	2	1	-10.6148637517458
"chr12"	7966975	50	400	0.912488611535583	0.2063	"C>T"	2	2	1	-13.2971634722452
"chr12"	9570798	50	256	0.912488611535583	0.2967	"A>G"	2	2	1	-10.507153058743
"chr12"	9570816	50	252	0.912488611535583	0.2759	"A>G"	2	2	1	-10.770462238399
"chr12"	19441082	50	118	1.07760957271017	0.4732	"C>A"	2	3	2	-10.6811706243722
"chr12"	42479696	50	508	1.0924139551209	0.2529	"A>T"	2	3	1	-10.5115789762568
"chr12"	42479709	50	506	1.0924139551209	0.2493	"A>G"	2	3	1	-10.5115789762568
"chr12"	42479719	50	506	1.0924139551209	0.238	"G>A"	2	3	1	-10.4840022084866
"chr12"	42479737	50	458	1.0924139551209	0.229	"A>T"	2	3	1	-10.510319516804
"chr12"	52760732	50	94	0.928505898295917	0.4659	"G>A"	2	2	1	-15.3578446384916
"chr12"	52840965	50	128	0.928505898295917	0.3402	"G>A"	2	2	1	-10.5380293904023
"chr12"	58216996	50	576	0.928505898295917	0.2836	"T>C"	2	2	1	-10.770462238399
"chr12"	58220784	50	384	0.928505898295917	0.2411	"A>T"	2	2	1	-11.8931072779994
"chr12"	58220811	50	436	0.928505898295917	0.2852	"G>T"	2	2	1	-10.6148637517458
"chr12"	58345639	50	946	0.928505898295917	0.2993	"C>T"	2	2	1	-10.507153058743
"chr12"	80650083	50	572	0.901858527118461	0.2099	"C>A"	2	2	1	-13.3045871863636
"chr12"	93794653	50	224	0.901858527118461	0.3812	"G>T"	2	2	1	-11.2818515646691
"chr12"	104324148	50	46	0.901858527118461	0.439	"G>A"	2	2	1	-13.6401703800433
"chr12"	110295897	50	120	0.901858527118461	0.4444	"A>C"	2	2	1	-13.6401703800433
"chr12"	133439002	50	78	0.901858527118461	0.4091	"G>A"	2	2	1	-12.2768273273057
"chr13"	24243427	50	108	0.906902362388161	0.4066	"A>G"	2	2	1	-12.2694036131872
"chr13"	25671027	50	786	0.906902362388161	0.2471	"A>G"	2	2	1	-11.5350215649577
"chr13"	25671080	50	880	0.906902362388161	0.2281	"A>G"	2	2	1	-12.3050870671288
"chr13"	25671089	50	904	0.906902362388161	0.218	"G>T"	2	2	1	-12.7725298755129
"chr13"	25671292	50	934	0.906902362388161	0.2804	"C>T"	2	2	1	-10.770462238399
"chr13"	43843545	50	534	0.906902362388161	0.2745	"G>T"	2	2	1	-10.9749453669958
"chr13"	45563215	50	140	0.946306858327059	0.375	"A>G"	2	2	1	-11.3066716186057
"chr14"	20228302	50	1350	0.914093180285797	0.2399	"G>A"	2	2	1	-11.8931072779994
"chr14"	20863677	50	62	0.914093180285797	0.4655	"C>A"	2	2	1	-15.3578446384916
"chr14"	60005443	50	108	0.914093180285797	0.2703	"G>A"	2	2	1	-10.9749453669958
"chr14"	65241858	50	414	0.914093180285797	0.2607	"G>A"	2	2	1	-11.2294017918192
"chr14"	69259662	50	332	0.914093180285797	0.4029	"C>A"	2	2	1	-11.8964043063287
"chr14"	92140428	50	106	0.914093180285797	0.5047	"G>A"	2	2	2	-14.5829224032121
"chr14"	96705686	50	152	0.914093180285797	0.4286	"G>A"	2	2	1	-13.1378364974648
"chr14"	101350298	50	174	0.914093180285797	0.4238	"T>C"	2	2	1	-12.6833075899413
"chr14"	106091504	50	336	1.16745008226464	0.2222	"A>G"	2	3	1	-10.4580980957296
"chr15"	20456640	50	164	0.892111308613989	0.3692	"A>G"	2	2	1	-11.0336283289579
"chr15"	20456665	50	288	0.892111308613989	0.3208	"T>A"	2	2	1	-10.4392417382524
"chr15"	20456673	50	288	0.892111308613989	0.3333	"C>G"	2	2	1	-10.4700133969192
"chr15"	20456677	50	304	0.892111308613989	0.3244	"G>A"	2	2	1	-10.4392417382524
"chr15"	20465182	50	64	0.892111308613989	0.2889	"T>A"	2	2	1	-10.6222874658642
"chr15"	23686062	50	592	0.892111308613989	0.2709	"T>C"	2	2	1	-10.9823690811142
"chr15"	42120437	50	100	0.925927505114046	0.4845	"C>G"	2	2	2	-15.8128767407862
"chr15"	42824578	50	76	0.925927505114046	0.5065	"T>C"	2	2	2	-14.0273608856047
"chr16"	15494721	50	40	0.948076068179795	0.6	"T>C"	2	2	2	-10.8548039571144
"chr16"	23582153	50	90	0.948076068179795	0.4304	"G>A"	2	2	1	-13.1700802655198
"chr16"	33629973	50	596	0.948076068179795	0.23	"G>A"	2	2	1	-12.3373308351838
"chr16"	33961444	50	760	0.948076068179795	0.2354	"G>A"	2	2	1	-11.9253510460545
"chr16"	33961448	50	768	0.948076068179795	0.2274	"C>T"	2	2	1	-12.3373308351838
"chr16"	33961541	50	674	0.948076068179795	0.3023	"T>G"	2	2	1	-10.539396826798
"chr16"	33961898	50	166	0.948076068179795	0.2655	"C>T"	2	2	1	-11.0071891350508
"chr16"	50251590	50	116	0.939604198474714	0.4528	"G>A"	2	2	1	-14.1678292673364
"chr16"	51171001	50	898	0.939604198474714	0.239	"T>A"	2	2	1	-11.8931072779994
"chr16"	69678835	50	58	0.939604198474714	0.5246	"G>A"	2	2	2	-13.511420161172
"chr16"	70161263	50	760	0.939604198474714	0.252	"T>C"	2	2	1	-11.5350215649577
"chr16"	70916849	50	168	0.939604198474714	0.503	"A>G"	2	2	2	-14.5829224032121
"chr16"	71165843	50	440	0.939604198474714	0.2254	"T>C"	2	2	1	-12.3050870671288
"chr16"	76587331	50	88	0.939604198474714	0.6071	"T>C"	2	2	2	-10.6691904542152
"chr16"	85711860	50	86	0.939604198474714	0.5	"C>T"	2	2	2	-14.5829224032121
"chr16"	88772928	50	46	0.939604198474714	0.549	"C>T"	2	2	2	-12.2019468627031
"chr17"	4713178	50	214	0.900180692988417	0.3312	"G>T"	2	2	1	-10.4700133969192
"chr17"	8194318	50	68	0.900180692988417	0.4426	"G>A"	2	2	1	-13.6401703800433
"chr17"	8194319	50	64	0.900180692988417	0.4286	"T>C"	2	2	1	-13.1452602115832
"chr17"	9725248	50	320	1.19140952279954	0.4521	"C>A"	2	3	2	-10.7434478656904
"chr17"	15469278	50	236	0.882266181778045	0.3757	"C>G"	2	2	1	-11.2818515646691
"chr17"	15620481	50	178	0.882266181778045	0.5822	"C>T"	2	2	2	-11.2600718718448
"chr17"	21319087	50	838	0.882266181778045	0.2531	"G>A"	2	2	1	-11.5424452790761
"chr17"	21319110	50	910	0.882266181778045	0.2732	"G>A"	2	2	1	-10.9823690811142
"chr17"	21319767	50	210	0.882266181778045	0.4503	"C>G"	2	2	1	-14.1752529814548
"chr17"	26575380	50	204	1.1643139395656	0.3964	"G>A"	2	3	2	-11.9377588074824
"chr17"	30187943	50	108	1.1643139395656	0.2603	"A>G"	2	3	1	-10.4576199352839
"chr17"	39340848	50	72	1.1643139395656	0.2174	"G>C"	2	3	1	-10.4580980957296
"chr17"	53239140	50	78	1.1643139395656	0.6905	"C>T"	2	3	3	-10.7683908876295
"chr17"	76219739	50	110	1.18745057806315	0.4086	"G>A"	2	3	2	-11.617610933781
"chr17"	79059425	50	436	1.18745057806315	0.4631	"C>T"	2	3	2	-10.6253806987635
"chr18"	11609903	50	164	0.911918202817578	0.2407	"C>G"	2	2	1	-11.8931072779994
"chr18"	11609904	50	166	0.911918202817578	0.2719	"A>G"	2	2	1	-10.9749453669958
"chr18"	44102152	50	260	0.65168216844703	0.5076	"T>C"	2	1	1	-10.796786476192
"chr18"	64170408	50	84	0.65168216844703	0.3333	"T>G"	2	1	1	-14.4927564350706
"chr18"	64170451	50	68	0.65168216844703	0.3704	"C>A"	2	1	1	-12.5124163002294
"chr19"	1010910	50	82	0.903006342002441	0.3279	"T>C"	2	2	1	-10.4700133969192
"chr19"	10078107	50	106	0.903006342002441	0.3375	"C>G"	2	2	1	-10.5454531045207
"chr19"	21590636	50	92	0.903006342002441	0.4889	"C>T"	2	2	2	-15.1855128895302
"chr19"	37642385	50	314	0.911258905213884	0.3114	"C>A"	2	2	1	-10.4464168235552
"chr19"	46282624	50	382	0.911258905213884	0.3298	"G>C"	2	2	1	-10.4625896828008
"chr19"	54745978	50	266	0.911258905213884	0.213	"T>C"	2	2	1	-13.2971634722452
"chr20"	2774683	50	204	1.44290474102912	0.4365	"G>A"	2	4	2	-11.0079608066296
"chr20"	8678446	50	126	1.44290474102912	0.5078	"G>A"	2	4	3	-11.6559798136219
"chr20"	23728342	50	458	1.4537001396182	0.3102	"G>A"	2	4	2	-11.8189320609833
"chr20"	42160331	50	122	1.23234310662422	0.4874	"C>T"	2	3	2	-10.5026310369145
"chr20"	42160336	50	122	1.23234310662422	0.4874	"A>G"	2	3	2	-10.5026310369145
"chr20"	62194103	50	296	1.54979926944949	0.4394	"A>G"	2	4	2	-11.0046696055862
"chr21"	11058227	50	1108	0.765112741705451	0.2682	"T>A"	2	2	1	-11.4107793954896
"chr21"	11058229	50	1110	0.765112741705451	0.2697	"T>C"	2	2	1	-11.4107793954896
"chr21"	47423522	50	888	1.43565206609825	0.2029	"G>A"	2	4	1	-10.2881474848116
"chr22"	39781585	50	110	1.18711502533012	0.5985	"C>T"	2	3	2	-13.1502512438111
"chr22"	41078473	50	158	1.18711502533012	0.5864	"T>C"	2	3	2	-12.7088541264768
"chr22"	50528569	50	72	1.18711502533012	0.52	"A>T"	2	3	2	-10.7512010821636
"chrX"	133303955	50	124	1.44883813913778	0.4095	"C>T"	2	4	2	-10.5670718531358
"chrX"	135427693	50	602	1.44883813913778	0.3221	"C>A"	2	4	2	-11.4968485618142
"chrY"	5606471	50	190	0.298073811154946	0.2276	"G>T"	2	1	1	-27.8586757683329
"chrY"	5607528	50	234	0.298073811154946	0.3036	"T>G"	2	1	1	-21.6088203929071
"chrY"	13309574	50	126	0.31064290708626	0.3368	"T>C"	2	1	1	-18.4073197355186
"chrY"	13310679	50	72	0.31064290708626	0.617	"A>G"	2	1	1	-19.4265559845402
"chrY"	13310683	50	70	0.31064290708626	0.6154	"T>C"	2	1	1	-19.4265559845402
"chrY"	13310721	50	64	0.31064290708626	0.6145	"C>A"	2	1	1	-18.8452002099683
