"chromosome"	"position"	"GC.percent"	"good.reads"	"adjusted.ratio"	"F"	"mutation"	"CNn"	"CNt"	"Mt"	"LPP"
"chr1"	1650920	50	356	0.563080824056596	0.3127	"G>A"	2	1	1	-18.0779345848548
"chr1"	1660344	50	196	0.563080824056596	0.2576	"T>C"	2	1	1	-22.7049679518235
"chr1"	1660347	50	194	0.563080824056596	0.2652	"A>G"	2	1	1	-21.6817018472591
"chr1"	1666251	50	124	0.563080824056596	0.3111	"G>A"	2	1	1	-18.0779345848548
"chr1"	9325676	50	192	1.12508992464542	0.3557	"C>T"	2	3	1	-13.3818748231456
"chr1"	12908278	50	1818	1.12508992464542	0.2355	"C>A"	2	3	1	-10.3763487805982
"chr1"	17082284	50	2890	1.12508992464542	0.2177	"C>A"	2	3	1	-10.5760654885502
"chr1"	17082403	50	2914	1.12508992464542	0.2423	"A>C"	2	3	1	-10.3763487805982
"chr1"	17082426	50	2742	1.12508992464542	0.2937	"G>T"	2	3	1	-10.797369978248
"chr1"	17085412	50	858	1.12508992464542	0.2642	"C>T"	2	3	1	-10.3923491839794
"chr1"	17087116	50	918	1.12508992464542	0.2073	"C>T"	2	3	1	-10.7608461405019
"chr1"	17267496	50	110	1.12508992464542	0.4712	"C>T"	2	3	2	-10.7021030160218
"chr1"	28555579	50	98	1.11648540237449	0.51	"C>A"	2	3	2	-10.5136260059902
"chr1"	43897468	50	140	1.11648540237449	0.4574	"G>A"	2	3	2	-10.8484301326052
"chr1"	65305323	50	688	1.11648540237449	0.2356	"C>G"	2	3	1	-10.3763487805982
"chr1"	111957570	50	48	0.840644676659391	0.52	"G>C"	2	2	2	-15.3082498151573
"chr1"	116233891	50	302	0.840644676659391	0.3348	"G>A"	2	2	1	-10.4477401793365
"chr1"	120612154	50	234	0.840644676659391	0.2822	"C>G"	2	2	1	-11.0961892026627
"chr1"	120612163	50	240	0.840644676659391	0.2982	"C>A"	2	2	1	-10.6966494359155
"chr1"	144931873	50	574	1.15158188976456	0.3462	"C>G"	2	3	1	-12.9121781035279
"chr1"	145283733	50	1170	1.15158188976456	0.2586	"A>G"	2	3	1	-10.4254088800792
"chr1"	145284432	50	1742	1.15158188976456	0.2326	"G>A"	2	3	1	-10.4815353210467
"chr1"	149290779	50	96	1.15158188976456	0.2381	"T>G"	2	3	1	-10.409408476698
"chr1"	153302887	50	80	1.15158188976456	0.661	"G>A"	2	3	3	-12.6349701275737
"chr1"	157103909	50	240	1.15158188976456	0.2453	"G>A"	2	3	1	-10.391175708437
"chr1"	173952836	50	66	0.849994437547317	0.4211	"A>G"	2	2	1	-12.0554204445667
"chr1"	207652469	50	52	0.861055631884201	0.3659	"C>T"	2	2	1	-10.7388939371928
"chr1"	231125996	50	238	1.11460464164088	0.5296	"G>A"	2	3	2	-10.6571589856469
"chr2"	20873099	50	112	0.867751613982093	0.2821	"T>A"	2	2	1	-11.0961892026627
"chr2"	38295456	50	110	0.867751613982093	0.433	"T>A"	2	2	1	-12.4418340585446
"chr2"	97827790	50	60	1.25950610505112	0.4643	"T>C"	2	4	2	-11.2955316290438
"chr2"	114201815	50	716	0.843012828011731	0.2318	"A>G"	2	2	1	-12.9713904991204
"chr2"	129026249	50	52	0.843012828011731	0.3333	"G>A"	2	2	1	-10.4477401793365
"chr2"	179296169	50	170	0.849029629678888	0.4481	"A>G"	2	2	1	-13.3355962413251
"chr2"	217342000	50	52	0.849029629678888	0.5357	"T>C"	2	2	2	-14.1298070468068
"chr2"	230663661	50	322	0.849029629678888	0.3586	"C>A"	2	2	1	-10.6012025990775
"chr2"	241835379	50	46	0.849029629678888	0.3784	"G>A"	2	2	1	-10.9190018793585
"chr3"	11067289	50	494	1.08978318814547	0.2492	"C>A"	2	3	1	-10.3648018584473
"chr3"	32576183	50	48	1.09935220408736	0.6757	"C>G"	2	3	3	-11.7826281840031
"chr3"	50645286	50	338	1.12821162929285	0.2555	"C>T"	2	3	1	-10.3923491839794
"chr3"	57885729	50	238	1.11515324803205	0.4413	"G>A"	2	3	2	-11.2607924657717
"chr3"	58727944	50	128	1.11515324803205	0.5733	"C>A"	2	3	2	-11.422275367209
"chr3"	75714674	50	952	1.11515324803205	0.2574	"G>A"	2	3	1	-10.3923491839794
"chr3"	75715439	50	2214	1.11515324803205	0.203	"A>G"	2	3	1	-11.0047255902953
"chr3"	75715753	50	314	1.11515324803205	0.3144	"G>C"	2	3	1	-11.3086289396188
"chr3"	75716379	50	434	0.834784841944581	0.2051	"T>A"	2	2	1	-14.0952347369736
"chr3"	75785358	50	442	0.834784841944581	0.2658	"C>T"	2	2	1	-11.3643248704506
"chr3"	75786670	50	532	0.834784841944581	0.2652	"G>A"	2	2	1	-11.3643248704506
"chr3"	75787732	50	940	0.834784841944581	0.3169	"A>C"	2	2	1	-10.4806210598609
"chr3"	113441818	50	50	1.11078412740404	0.6429	"T>C"	2	3	3	-13.6040357515626
"chr3"	129253619	50	486	1.11078412740404	0.3688	"C>A"	2	3	1	-13.9275343995872
"chr3"	150804274	50	60	1.11078412740404	0.25	"T>G"	2	3	1	-10.3581160123371
"chr3"	171510238	50	76	1.11078412740404	0.62	"C>T"	2	3	2	-13.290272373531
"chr3"	185212593	50	174	1.11078412740404	0.5896	"T>C"	2	3	2	-12.0464047442258
"chr3"	195345110	50	536	1.11078412740404	0.2141	"C>T"	2	3	1	-10.7608461405019
"chr3"	195412695	50	406	1.11078412740404	0.3556	"G>C"	2	3	1	-13.3818748231456
"chr3"	195412710	50	408	1.11078412740404	0.3289	"A>G"	2	3	1	-12.0045076884257
"chr3"	195412765	50	280	1.11078412740404	0.2553	"A>G"	2	3	1	-10.3923491839794
"chr3"	196314604	50	60	1.11078412740404	0.6629	"A>C"	2	3	3	-12.6019104314738
"chr4"	338078	50	94	0.55753597338779	0.2295	"A>T"	2	1	1	-26.0870822663558
"chr4"	8230148	50	158	0.828311309744901	0.3828	"C>T"	2	2	1	-10.914539125004
"chr4"	37953902	50	146	0.828311309744901	0.4511	"T>C"	2	2	1	-13.3311334869706
"chr4"	71067317	50	110	0.810487909426242	0.4444	"C>A"	2	2	1	-12.8641661791046
"chr4"	71275490	50	736	0.810487909426242	0.2909	"G>A"	2	2	1	-10.8680126681094
"chr4"	122258112	50	122	0.810487909426242	0.337	"G>A"	2	2	1	-10.450601839038
"chr4"	156276317	50	46	0.810487909426242	0.439	"A>G"	2	2	1	-12.8641661791046
"chr4"	185655190	50	214	0.810487909426242	0.2132	"C>G"	2	2	1	-14.0952347369736
"chr5"	35954191	50	76	0.826212253491119	0.4795	"G>A"	2	2	1	-14.9714838772211
"chr5"	65892448	50	104	0.849859776994298	0.5357	"C>G"	2	2	2	-14.1298070468068
"chr5"	102886246	50	130	0.849859776994298	0.3981	"G>C"	2	2	1	-11.4047477480452
"chr5"	125950781	50	50	0.849859776994298	0.4318	"G>A"	2	2	1	-12.4418340585446
"chr5"	149937739	50	44	0.849859776994298	0.4884	"G>A"	2	2	1	-15.6021797199356
"chr5"	154193524	50	178	0.849859776994298	0.288	"G>A"	2	2	1	-10.8724754224639
"chr5"	169031218	50	62	0.849859776994298	0.4655	"G>T"	2	2	1	-14.389381025389
"chr5"	169412963	50	208	0.849859776994298	0.2828	"C>A"	2	2	1	-11.0961892026627
"chr6"	27418847	50	118	1.15915094884878	0.5725	"T>G"	2	3	2	-11.4553350633088
"chr6"	29364325	50	48	1.15915094884878	0.6842	"A>G"	2	3	3	-11.8090020339928
"chr6"	31239049	50	364	1.15915094884878	0.2973	"G>T"	2	3	1	-11.0625719261257
"chr6"	31324531	50	136	1.15915094884878	0.299	"C>T"	2	3	1	-11.0625719261257
"chr6"	31324586	50	134	1.15915094884878	0.4962	"C>T"	2	3	2	-10.534373746523
"chr6"	32083300	50	100	1.15915094884878	0.5327	"A>G"	2	3	2	-10.6902186817467
"chr6"	32546635	50	120	1.15915094884878	0.2941	"C>T"	2	3	1	-10.8304296743478
"chr6"	32546914	50	282	1.15915094884878	0.4125	"C>T"	2	3	2	-12.2142965314505
"chr6"	32549368	50	312	1.15915094884878	0.25	"G>A"	2	3	1	-10.391175708437
"chr6"	32549588	50	724	1.15915094884878	0.2232	"G>A"	2	3	1	-10.6091251846501
"chr6"	32557602	50	468	1.15915094884878	0.2121	"C>T"	2	3	1	-10.7939058366017
"chr6"	32557614	50	470	1.15915094884878	0.2419	"G>A"	2	3	1	-10.409408476698
"chr6"	32609671	50	150	1.15915094884878	0.3902	"G>A"	2	3	2	-13.032044780486
"chr6"	32609673	50	160	1.15915094884878	0.3798	"G>A"	2	3	2	-13.5031081911306
"chr6"	32610478	50	318	1.15915094884878	0.3375	"C>G"	2	3	1	-12.4528600369079
"chr6"	32610481	50	320	1.15915094884878	0.3361	"T>C"	2	3	1	-12.4528600369079
"chr6"	32610487	50	354	1.15915094884878	0.3192	"C>G"	2	3	1	-11.6669427810781
"chr6"	32610495	50	378	1.15915094884878	0.3	"A>G"	2	3	1	-11.0625719261257
"chr6"	32627352	50	84	1.15915094884878	0.44	"A>G"	2	3	2	-11.2938521618716
"chr6"	32627379	50	108	1.15915094884878	0.4316	"T>C"	2	3	2	-11.560204467517
"chr6"	32627434	50	148	1.15915094884878	0.3565	"A>C"	2	3	1	-13.4149345192455
"chr6"	32627485	50	218	1.15915094884878	0.2733	"T>C"	2	3	1	-10.5108054000365
"chr6"	32627489	50	218	1.15915094884878	0.2635	"A>G"	2	3	1	-10.4254088800792
"chr6"	32627517	50	212	1.15915094884878	0.3333	"T>G"	2	3	1	-12.0375673845256
"chr6"	32627561	50	162	1.15915094884878	0.4375	"T>C"	2	3	2	-11.2938521618716
"chr6"	32627635	50	114	1.15915094884878	0.4623	"T>G"	2	3	2	-10.881489828705
"chr6"	32629227	50	104	1.15915094884878	0.35	"C>T"	2	3	1	-12.9121781035279
"chr6"	32629257	50	138	1.15915094884878	0.4	"T>A"	2	3	2	-12.6025596986975
"chr6"	32629314	50	134	1.15915094884878	0.3495	"G>A"	2	3	1	-12.9121781035279
"chr6"	32629320	50	128	1.15915094884878	0.3469	"A>G"	2	3	1	-12.9121781035279
"chr6"	32714164	50	882	1.15915094884878	0.2462	"T>C"	2	3	1	-10.391175708437
"chr6"	32714197	50	886	1.15915094884878	0.253	"A>T"	2	3	1	-10.391175708437
"chr6"	32714210	50	886	1.15915094884878	0.2336	"G>A"	2	3	1	-10.4815353210467
"chr6"	88854152	50	588	0.829180963752507	0.3288	"C>A"	2	2	1	-10.443277424982
"chr6"	167787450	50	514	0.803254041041489	0.2236	"C>G"	2	2	1	-13.5024858466956
"chr6"	167791530	50	66	0.803254041041489	0.3774	"G>C"	2	2	1	-10.914539125004
"chr7"	1024002	50	52	0.840756062511666	0.2571	"T>C"	2	2	1	-11.6913593431741
"chr7"	5965258	50	618	0.840756062511666	0.2695	"T>C"	2	2	1	-11.3687876248051
"chr7"	39892453	50	610	1.08200893614278	0.3413	"G>A"	2	3	1	-12.4264861869181
"chr7"	74582438	50	46	0.854310502667198	0.6167	"G>A"	2	2	2	-11.0260195720033
"chr7"	100550837	50	4922	0.869880677984922	0.2302	"C>T"	2	2	1	-13.0157085973641
"chr7"	100551065	50	694	0.869880677984922	0.2725	"T>C"	2	2	1	-11.4131057230487
"chr7"	104785779	50	56	0.833206766637908	0.4286	"T>G"	2	2	1	-12.4373713041901
"chr7"	129015511	50	88	0.833206766637908	0.4568	"G>A"	2	2	1	-13.838098207058
"chr7"	140453136	50	102	1.08927422725586	0.4138	"A>T"	2	3	2	-12.1879226814608
"chr7"	142124492	50	252	0.583932513710324	0.227	"C>T"	2	1	1	-26.1302398770645
"chr7"	142131832	50	168	0.583932513710324	0.4247	"C>T"	2	1	1	-11.9010764847995
"chr7"	142131836	50	170	0.583932513710324	0.3307	"C>G"	2	1	1	-16.5996456953273
"chr7"	142131858	50	140	0.583932513710324	0.375	"C>A"	2	1	1	-13.5674354643726
"chr7"	142131868	50	126	0.583932513710324	0.2841	"C>T"	2	1	1	-20.7515666496301
"chr7"	142470612	50	1986	1.1497150604188	0.2037	"A>G"	2	3	1	-11.0047255902953
"chr7"	142470614	50	2024	1.1497150604188	0.2013	"C>T"	2	3	1	-11.0047255902953
"chr7"	157903538	50	498	1.10861603498226	0.2219	"A>G"	2	3	1	-10.5760654885502
"chr8"	6358987	50	124	1.19901938301311	0.479	"G>C"	2	3	2	-10.7014961777373
"chr8"	6359024	50	82	1.19901938301311	0.4744	"G>A"	2	3	2	-10.8080777521107
"chr8"	7213977	50	690	1.19901938301311	0.2872	"C>T"	2	3	1	-10.9033447143368
"chr8"	48114124	50	574	1.16293204748713	0.2137	"T>C"	2	3	1	-10.7939058366017
"chr8"	98787994	50	110	1.16293204748713	0.5339	"A>G"	2	3	2	-10.6902186817467
"chr8"	113364696	50	84	0.960929136091662	0.4085	"A>G"	2	2	1	-11.9617446226825
"chr8"	123963840	50	430	1.17115932030448	0.2037	"C>T"	2	3	1	-11.0377852863951
"chr8"	143809193	50	60	1.17115932030448	0.4737	"C>T"	2	3	2	-10.7351627121217
"chr8"	143994321	50	68	1.17115932030448	0.4925	"T>C"	2	3	2	-10.5616670455483
"chr8"	144990528	50	88	1.17115932030448	0.6239	"A>G"	2	3	2	-13.3233320696308
"chr9"	33391591	50	326	0.859513126528903	0.3849	"T>C"	2	2	1	-10.9190018793585
"chr9"	33395238	50	210	0.859513126528903	0.2045	"C>T"	2	2	1	-14.7515451794477
"chr9"	33795613	50	458	0.859513126528903	0.2821	"C>T"	2	2	1	-11.0961892026627
"chr9"	33795622	50	450	0.859513126528903	0.3119	"T>C"	2	2	1	-10.5677979071821
"chr9"	33797917	50	1000	0.859513126528903	0.2754	"T>C"	2	2	1	-11.0961892026627
"chr9"	33797987	50	1520	0.859513126528903	0.3437	"G>T"	2	2	1	-10.4550645933925
"chr9"	33797999	50	1478	0.859513126528903	0.327	"A>G"	2	2	1	-10.4477401793365
"chr9"	38603131	50	88	0.859513126528903	0.6812	"G>A"	2	2	2	-10.4569302122979
"chr9"	66499220	50	444	0.844284478828211	0.2697	"C>T"	2	2	1	-11.3687876248051
"chr9"	68409572	50	100	0.844284478828211	0.2754	"G>A"	2	2	1	-11.0961892026627
"chr9"	68409580	50	106	0.844284478828211	0.2206	"G>A"	2	2	1	-13.5069486010501
"chr9"	68409592	50	108	0.844284478828211	0.2603	"G>T"	2	2	1	-11.6913593431741
"chr9"	104133281	50	168	0.844284478828211	0.2432	"C>A"	2	2	1	-12.4912954164455
"chr9"	104385711	50	56	0.844284478828211	0.3	"C>T"	2	2	1	-10.6966494359155
"chr9"	104385712	50	56	0.844284478828211	0.2821	"A>G"	2	2	1	-11.0961892026627
"chr9"	126128253	50	48	0.844284478828211	0.7037	"G>C"	2	2	2	-10.6234387358107
"chr9"	137742545	50	74	0.844284478828211	0.5647	"C>T"	2	2	2	-13.1108179206661
"chr9"	139957968	50	98	0.844284478828211	0.2222	"G>A"	2	2	1	-13.5069486010501
"chr9"	139957982	50	94	0.844284478828211	0.5053	"C>A"	2	2	2	-15.957011452611
"chr9"	139957986	50	102	0.844284478828211	0.5603	"G>A"	2	2	2	-13.1108179206661
"chr10"	11375091	50	290	0.822674268791038	0.2602	"C>G"	2	2	1	-11.6868965888196
"chr10"	15138264	50	60	0.822674268791038	0.4643	"T>A"	2	2	1	-13.838098207058
"chr10"	26505822	50	172	0.822674268791038	0.4267	"G>A"	2	2	1	-12.4373713041901
"chr10"	47087078	50	902	0.521719723590839	0.2749	"G>T"	2	1	1	-21.7246312963874
"chr10"	81371554	50	234	0.567858599727474	0.2452	"T>A"	2	1	1	-23.7793974047029
"chr10"	82005990	50	126	0.567858599727474	0.2125	"T>C"	2	1	1	-28.6167780309541
"chr10"	82006964	50	66	0.567858599727474	0.2979	"T>C"	2	1	1	-18.9074804997836
"chr10"	105006371	50	414	0.858202504567037	0.2633	"C>A"	2	2	1	-11.6913593431741
"chr10"	125449015	50	116	0.858202504567037	0.4528	"G>A"	2	2	1	-13.3355962413251
"chr10"	135438888	50	548	0.858202504567037	0.2713	"C>T"	2	2	1	-11.3687876248051
"chr10"	135473026	50	312	0.858202504567037	0.2941	"T>C"	2	2	1	-10.8724754224639
"chr11"	207698	50	70	0.821881121848161	0.2857	"C>T"	2	2	1	-10.8680126681094
"chr11"	1017834	50	1248	0.821881121848161	0.2091	"G>A"	2	2	1	-14.0952347369736
"chr11"	1651622	50	86	0.821881121848161	0.4557	"C>T"	2	2	1	-13.838098207058
"chr11"	5424504	50	118	0.732484062309903	0.2237	"T>C"	2	2	1	-13.7298159471361
"chr11"	9004002	50	136	0.847630160096496	0.236	"C>T"	2	2	1	-12.4912954164455
"chr11"	15262002	50	216	0.847630160096496	0.25	"G>A"	2	2	1	-12.0650944098582
"chr11"	36253537	50	86	0.854381326634448	0.3281	"T>A"	2	2	1	-10.4477401793365
"chr11"	45274233	50	114	0.854381326634448	0.6743	"G>C"	2	2	2	-10.4421151265128
"chr11"	61731367	50	40	0.871186535110325	0.4444	"G>T"	2	2	1	-12.9129470317027
"chr11"	71290740	50	42	0.874108991634536	0.7407	"A>C"	2	2	2	-11.5723525449381
"chr11"	73499116	50	116	0.874108991634536	0.4257	"C>A"	2	2	1	-12.4861521567882
"chr11"	73499123	50	110	0.874108991634536	0.3678	"G>A"	2	2	1	-10.7832120354365
"chr11"	75314787	50	46	0.856747444635111	0.425	"G>T"	2	2	1	-12.0554204445667
"chr11"	75314788	50	46	0.856747444635111	0.425	"C>T"	2	2	1	-12.0554204445667
"chr11"	82924712	50	58	0.856747444635111	0.71	"G>T"	2	2	2	-10.7767361732654
"chr11"	118896115	50	120	0.827595155608882	0.2771	"A>G"	2	2	1	-11.0917264483082
"chr12"	311949	50	54	0.842922615596994	0.3721	"A>G"	2	2	1	-10.7388939371928
"chr12"	4830000	50	84	0.842922615596994	0.4815	"T>G"	2	2	1	-14.9759466315756
"chr12"	5603961	50	188	0.842922615596994	0.3427	"G>A"	2	2	1	-10.4550645933925
"chr12"	7966975	50	290	0.842922615596994	0.2602	"C>T"	2	2	1	-11.6913593431741
"chr12"	9451455	50	220	0.842922615596994	0.2199	"G>A"	2	2	1	-13.5069486010501
"chr12"	9570768	50	164	0.842922615596994	0.2991	"G>A"	2	2	1	-10.6966494359155
"chr12"	9570798	50	166	0.842922615596994	0.336	"A>G"	2	2	1	-10.4550645933925
"chr12"	9570816	50	168	0.842922615596994	0.2759	"A>G"	2	2	1	-11.0961892026627
"chr12"	10573211	50	260	0.842922615596994	0.4144	"A>G"	2	2	1	-11.7096317613582
"chr12"	19441082	50	104	0.843782145137235	0.48	"C>A"	2	2	1	-14.9759466315756
"chr12"	42478585	50	148	0.859100014700793	0.3211	"T>A"	2	2	1	-10.4850838142153
"chr12"	42478612	50	182	0.859100014700793	0.2417	"C>T"	2	2	1	-12.4912954164455
"chr12"	42479696	50	350	0.859100014700793	0.2828	"A>T"	2	2	1	-11.0961892026627
"chr12"	42479709	50	342	0.859100014700793	0.2723	"A>G"	2	2	1	-11.3687876248051
"chr12"	42479719	50	342	0.859100014700793	0.2629	"G>A"	2	2	1	-11.6913593431741
"chr12"	42479737	50	312	0.859100014700793	0.239	"A>T"	2	2	1	-12.4912954164455
"chr12"	52760732	50	66	0.879879376174021	0.4923	"G>A"	2	2	1	-15.6464978181792
"chr12"	58216996	50	442	0.879879376174021	0.2984	"T>C"	2	2	1	-10.7409675341591
"chr12"	58345639	50	550	0.879879376174021	0.2931	"C>T"	2	2	1	-10.9167935207075
"chr12"	93794653	50	254	0.843212043220045	0.4227	"G>T"	2	2	1	-12.0554204445667
"chr12"	104324148	50	82	0.843212043220045	0.4143	"G>A"	2	2	1	-11.7096317613582
"chr12"	123199755	50	680	0.843212043220045	0.2857	"A>G"	2	2	1	-10.8724754224639
"chr13"	24243427	50	88	0.849602928488324	0.4884	"A>G"	2	2	1	-15.6021797199356
"chr13"	25671080	50	692	0.849602928488324	0.219	"A>G"	2	2	1	-13.5069486010501
"chr13"	25671089	50	718	0.849602928488324	0.2162	"G>T"	2	2	1	-13.5069486010501
"chr13"	25671292	50	706	0.849602928488324	0.2376	"C>T"	2	2	1	-12.4912954164455
"chr13"	43843545	50	330	0.849602928488324	0.2918	"G>T"	2	2	1	-10.8724754224639
"chr13"	45563215	50	104	1.29217035717165	0.5357	"A>G"	2	4	3	-11.370775286989
"chr13"	52027138	50	104	0.829219455189654	0.2571	"G>A"	2	2	1	-11.6868965888196
"chr13"	113140349	50	238	0.829219455189654	0.2831	"A>G"	2	2	1	-11.0917264483082
"chr14"	60005443	50	78	0.85601141136742	0.4265	"G>A"	2	2	1	-12.4418340585446
"chr14"	65241858	50	208	0.85601141136742	0.3988	"G>A"	2	2	1	-11.4047477480452
"chr14"	69259662	50	206	0.85601141136742	0.5187	"C>A"	2	2	2	-15.3082498151573
"chr14"	77772829	50	124	0.85601141136742	0.4833	"A>G"	2	2	1	-14.9759466315756
"chr14"	92140428	50	122	0.85601141136742	0.3441	"G>A"	2	2	1	-10.4550645933925
"chr14"	96705686	50	106	0.85601141136742	0.4904	"G>A"	2	2	1	-15.6021797199356
"chr14"	101350298	50	116	0.85601141136742	0.4021	"T>C"	2	2	1	-11.4047477480452
"chr15"	20454042	50	300	1.04695986523272	0.2188	"A>T"	2	3	1	-10.6291046629439
"chr15"	20456640	50	170	1.04695986523272	0.3254	"A>G"	2	3	1	-12.0575468628194
"chr15"	20456665	50	252	1.04695986523272	0.2921	"T>A"	2	3	1	-10.8504091526417
"chr15"	20456673	50	260	1.04695986523272	0.3122	"C>G"	2	3	1	-11.3616681140125
"chr15"	20465182	50	104	1.04695986523272	0.2	"T>A"	2	3	1	-11.057764764689
"chr15"	21933093	50	1124	1.04695986523272	0.2711	"C>T"	2	3	1	-10.5307848783303
"chr15"	39910099	50	512	1.11794840335723	0.2665	"G>A"	2	3	1	-10.4777457039366
"chr15"	56035010	50	66	1.11794840335723	0.5075	"G>A"	2	3	2	-10.5136260059902
"chr15"	86814860	50	256	1.11794840335723	0.2558	"C>A"	2	3	1	-10.3923491839794
"chr16"	23582153	50	98	0.905469626561317	0.4432	"G>A"	2	2	1	-12.9970106721564
"chr16"	33629973	50	490	0.905469626561317	0.2508	"G>A"	2	2	1	-12.1934761485554
"chr16"	33961541	50	564	0.905469626561317	0.3037	"T>G"	2	2	1	-10.8250311746127
"chr16"	33962269	50	262	0.905469626561317	0.2599	"G>T"	2	2	1	-11.8197410818714
"chr16"	50251590	50	64	0.897109889328706	0.5616	"G>A"	2	2	2	-13.1551360189097
"chr16"	69678835	50	54	0.897109889328706	0.5424	"G>A"	2	2	2	-14.1741251450505
"chr16"	70161263	50	482	0.897109889328706	0.2562	"T>C"	2	2	1	-11.7356774414177
"chr16"	70182325	50	272	0.897109889328706	0.2917	"T>C"	2	2	1	-10.9167935207075
"chr16"	70916849	50	138	0.897109889328706	0.566	"A>G"	2	2	2	-12.7058125949015
"chr16"	71165843	50	308	0.897109889328706	0.3583	"T>C"	2	2	1	-10.6455206973211
"chr16"	76587331	50	66	0.897109889328706	0.45	"T>C"	2	2	1	-13.3799143395687
"chr16"	85711860	50	50	0.897109889328706	0.5192	"C>T"	2	2	2	-15.352567913401
"chr17"	4713178	50	138	0.86200015660726	0.3611	"G>T"	2	2	1	-10.6012025990775
"chr17"	8194318	50	64	0.86200015660726	0.3191	"G>A"	2	2	1	-10.4850838142153
"chr17"	8194319	50	64	0.86200015660726	0.2727	"T>C"	2	2	1	-11.3687876248051
"chr17"	9725248	50	216	1.06797655146834	0.5284	"C>A"	2	3	2	-10.663844831757
"chr17"	15469278	50	140	0.83430763148251	0.4355	"C>G"	2	2	1	-12.8641661791046
"chr17"	15620481	50	100	0.83430763148251	0.6689	"C>T"	2	2	2	-10.4376523721583
"chr17"	21319069	50	580	0.83430763148251	0.2768	"G>A"	2	2	1	-11.0917264483082
"chr17"	21319079	50	584	0.83430763148251	0.2861	"C>A"	2	2	1	-10.8680126681094
"chr17"	21319087	50	568	0.83430763148251	0.3005	"G>A"	2	2	1	-10.692186681561
"chr17"	21319110	50	536	0.83430763148251	0.3146	"G>A"	2	2	1	-10.5633351528276
"chr17"	26575380	50	124	1.13890857783019	0.3261	"G>A"	2	3	1	-12.0045076884257
"chr17"	30187943	50	124	1.13890857783019	0.3474	"A>G"	2	3	1	-12.8791184074281
"chr17"	37820516	50	416	1.13890857783019	0.2239	"G>A"	2	3	1	-10.5760654885502
"chr17"	47038244	50	338	1.13890857783019	0.2066	"C>A"	2	3	1	-10.7608461405019
"chr17"	53239140	50	82	1.13890857783019	0.6466	"C>T"	2	3	3	-13.0812539169694
"chr17"	73282636	50	316	1.38654997882615	0.4984	"C>T"	2	4	2	-12.4790548622744
"chr17"	74561226	50	730	1.38654997882615	0.2758	"A>G"	2	4	1	-12.1862152349266
"chr17"	76219739	50	68	1.38654997882615	0.5904	"G>A"	2	4	3	-10.5001160940096
"chr17"	79059425	50	438	1.38654997882615	0.3443	"C>T"	2	4	2	-11.2289489299353
"chr17"	79818360	50	194	1.38654997882615	0.4327	"T>G"	2	4	2	-10.6491079149844
"chr17"	79976582	50	58	1.38654997882615	0.5735	"G>A"	2	4	3	-10.686916933209
"chr18"	10670599	50	40	0.836021869726715	0.5745	"A>G"	2	2	2	-12.6614944966579
"chr18"	11609903	50	70	0.836021869726715	0.3396	"C>G"	2	2	1	-10.4550645933925
"chr18"	11609904	50	68	0.836021869726715	0.3333	"A>G"	2	2	1	-10.4477401793365
"chr18"	44102152	50	158	0.818899874831888	0.6127	"T>C"	2	2	2	-11.2661691366578
"chr18"	64170408	50	98	0.818899874831888	0.4235	"T>G"	2	2	1	-12.0509576902122
"chr18"	64170451	50	96	0.818899874831888	0.4725	"C>A"	2	2	1	-14.3849182710346
"chr19"	37642385	50	242	0.879936663326382	0.3086	"C>A"	2	2	1	-10.6121160054257
"chr19"	46282624	50	298	0.879936663326382	0.2905	"G>C"	2	2	1	-10.9167935207075
"chr19"	53802342	50	54	0.879936663326382	0.3721	"G>A"	2	2	1	-10.7832120354365
"chr20"	2774683	50	192	1.43022989743502	0.4	"G>A"	2	4	2	-10.4777571734776
"chr20"	4680521	50	680	1.43022989743502	0.2075	"G>A"	2	4	1	-10.321625554634
"chr20"	6759958	50	240	1.43022989743502	0.2258	"C>A"	2	4	1	-10.5871176227834
"chr20"	8678446	50	62	1.43022989743502	0.663	"G>A"	2	4	3	-11.1646527712896
"chr20"	23728342	50	302	1.35923674658801	0.3229	"G>A"	2	4	2	-11.8293260352255
"chr20"	26188973	50	762	1.09875795510525	0.5502	"A>G"	2	3	2	-10.9663917218963
"chr20"	26188981	50	734	1.09875795510525	0.5139	"A>G"	2	3	2	-10.5203118521003
"chr20"	35885233	50	260	1.15264200226426	0.2216	"G>T"	2	3	1	-10.6091251846501
"chr20"	42160331	50	88	1.156201306401	0.6071	"C>T"	2	3	2	-12.8672500024446
"chr20"	42160336	50	88	1.156201306401	0.6207	"A>G"	2	3	2	-13.3233320696308
"chr20"	62194103	50	188	1.43494018914446	0.5727	"A>G"	2	4	3	-10.6971156755005
"chr21"	9907198	50	1250	0.688547790394665	0.2008	"C>T"	2	2	1	-15.1311258080582
"chr21"	11058227	50	788	0.688547790394665	0.3625	"T>A"	2	2	1	-10.980783227688
"chr21"	11058229	50	800	0.688547790394665	0.3517	"T>C"	2	2	1	-10.8859950502967
"chr21"	47423522	50	558	1.35510184249057	0.248	"G>A"	2	4	1	-11.0644218515866
"chr22"	39781585	50	76	1.14413346513673	0.5309	"C>T"	2	3	2	-10.6571589856469
"chr22"	41078473	50	120	1.14413346513673	0.5804	"T>C"	2	3	2	-11.7140275903327
"chr22"	50528569	50	46	1.14413346513673	0.6034	"A>T"	2	3	2	-12.4196865680145
"chrX"	133303955	50	70	1.32218036777405	0.4444	"C>T"	2	4	2	-10.8211500361432
"chrX"	135427693	50	308	1.32218036777405	0.3556	"C>A"	2	4	2	-10.8351552396309
"chrY"	5607528	50	212	0.266552228198788	0.2639	"T>G"	2	1	1	-27.6214687551739
"chrY"	13309574	50	70	0.267493031945427	0.3396	"T>C"	2	1	1	-20.7796189158296
"chrY"	13310679	50	58	0.267493031945427	0.3696	"A>G"	2	1	1	-18.961365101044
"chrY"	13310683	50	44	0.267493031945427	0.4762	"T>C"	2	1	1	-15.4907795472781
"chrY"	14475389	50	40	0.267493031945427	0.3548	"G>A"	2	1	1	-20.1302743579281
"chrY"	14475392	50	42	0.267493031945427	0.3438	"C>T"	2	1	1	-20.7796189158296
